# r (Ang)        g(r)
2.999999999999999889e-02 0.000000000000000000e+00
8.999999999999999667e-02 0.000000000000000000e+00
1.499999999999999944e-01 0.000000000000000000e+00
2.099999999999999922e-01 0.000000000000000000e+00
2.700000000000000178e-01 0.000000000000000000e+00
3.300000000000000155e-01 0.000000000000000000e+00
3.900000000000000133e-01 0.000000000000000000e+00
4.500000000000000111e-01 0.000000000000000000e+00
5.100000000000000089e-01 0.000000000000000000e+00
5.699999999999999512e-01 0.000000000000000000e+00
6.300000000000000044e-01 0.000000000000000000e+00
6.899999999999999467e-01 0.000000000000000000e+00
7.500000000000000000e-01 0.000000000000000000e+00
8.100000000000000533e-01 0.000000000000000000e+00
8.699999999999999956e-01 0.000000000000000000e+00
9.300000000000000488e-01 0.000000000000000000e+00
9.899999999999999911e-01 0.000000000000000000e+00
1.050000000000000044e+00 0.000000000000000000e+00
1.110000000000000098e+00 0.000000000000000000e+00
1.169999999999999929e+00 0.000000000000000000e+00
1.229999999999999982e+00 0.000000000000000000e+00
1.290000000000000036e+00 0.000000000000000000e+00
1.350000000000000089e+00 0.000000000000000000e+00
1.409999999999999920e+00 0.000000000000000000e+00
1.469999999999999973e+00 0.000000000000000000e+00
1.530000000000000027e+00 0.000000000000000000e+00
1.590000000000000080e+00 0.000000000000000000e+00
1.649999999999999911e+00 0.000000000000000000e+00
1.709999999999999964e+00 0.000000000000000000e+00
1.770000000000000018e+00 0.000000000000000000e+00
1.830000000000000071e+00 0.000000000000000000e+00
1.889999999999999902e+00 0.000000000000000000e+00
1.949999999999999956e+00 0.000000000000000000e+00
2.009999999999999787e+00 0.000000000000000000e+00
2.069999999999999840e+00 0.000000000000000000e+00
2.129999999999999893e+00 0.000000000000000000e+00
2.189999999999999947e+00 0.000000000000000000e+00
2.250000000000000000e+00 0.000000000000000000e+00
2.310000000000000053e+00 6.676539999999999905e-03
2.370000000000000107e+00 4.983619999999999717e-02
2.430000000000000160e+00 2.508190000000000142e-01
2.490000000000000213e+00 7.166320000000000467e-01
2.549999999999999822e+00 1.388530000000000042e+00
2.609999999999999876e+00 2.146529999999999827e+00
2.669999999999999929e+00 2.640859999999999985e+00
2.729999999999999982e+00 2.853849999999999998e+00
2.790000000000000036e+00 2.898509999999999920e+00
2.850000000000000089e+00 2.711329999999999796e+00
2.910000000000000142e+00 2.562819999999999876e+00
2.970000000000000195e+00 2.115270000000000206e+00
3.029999999999999805e+00 1.862689999999999957e+00
3.089999999999999858e+00 1.678590000000000027e+00
3.149999999999999911e+00 1.523439999999999905e+00
3.209999999999999964e+00 1.267959999999999976e+00
3.270000000000000018e+00 1.188539999999999930e+00
3.330000000000000071e+00 9.950860000000000261e-01
3.390000000000000124e+00 9.437879999999999603e-01
3.450000000000000178e+00 8.355590000000000517e-01
3.509999999999999787e+00 7.423779999999999824e-01
3.569999999999999840e+00 7.152380000000000404e-01
3.629999999999999893e+00 6.751810000000000311e-01
3.689999999999999947e+00 6.563930000000000042e-01
3.750000000000000000e+00 6.015350000000000419e-01
3.810000000000000053e+00 5.753759999999999986e-01
3.870000000000000107e+00 5.556339999999999613e-01
3.930000000000000160e+00 6.000919999999999588e-01
3.990000000000000213e+00 5.994450000000000056e-01
4.049999999999999822e+00 5.768499999999999739e-01
4.110000000000000320e+00 5.899609999999999577e-01
4.169999999999999929e+00 6.009120000000000017e-01
4.230000000000000426e+00 6.434370000000000367e-01
4.290000000000000036e+00 6.626239999999999908e-01
4.349999999999999645e+00 6.942319999999999602e-01
4.410000000000000142e+00 7.398500000000000076e-01
4.469999999999999751e+00 8.054559999999999498e-01
4.530000000000000249e+00 8.621419999999999639e-01
4.589999999999999858e+00 8.897580000000000489e-01
4.650000000000000355e+00 9.691049999999999942e-01
4.709999999999999964e+00 1.013859999999999983e+00
4.769999999999999574e+00 1.067029999999999923e+00
4.830000000000000071e+00 1.104610000000000092e+00
4.889999999999999680e+00 1.141739999999999977e+00
4.950000000000000178e+00 1.199600000000000000e+00
5.009999999999999787e+00 1.244650000000000034e+00
5.070000000000000284e+00 1.237940000000000040e+00
5.129999999999999893e+00 1.264469999999999983e+00
5.190000000000000391e+00 1.301160000000000094e+00
5.250000000000000000e+00 1.301320000000000032e+00
5.309999999999999609e+00 1.291930000000000023e+00
5.370000000000000107e+00 1.282280000000000086e+00
5.429999999999999716e+00 1.263249999999999984e+00
5.490000000000000213e+00 1.246259999999999923e+00
5.549999999999999822e+00 1.208059999999999912e+00
5.610000000000000320e+00 1.166179999999999994e+00
5.669999999999999929e+00 1.152879999999999905e+00
5.730000000000000426e+00 1.100179999999999936e+00
5.790000000000000036e+00 1.010089999999999932e+00
5.849999999999999645e+00 1.005980000000000096e+00
5.910000000000000142e+00 9.597210000000000463e-01
5.969999999999999751e+00 9.450969999999999649e-01
6.030000000000000249e+00 9.263820000000000388e-01
6.089999999999999858e+00 8.796739999999999560e-01
6.150000000000000355e+00 8.690529999999999644e-01
6.209999999999999964e+00 8.544519999999999893e-01
6.269999999999999574e+00 8.418029999999999680e-01
6.330000000000000071e+00 8.292230000000000434e-01
6.389999999999999680e+00 8.256900000000000350e-01
6.450000000000000178e+00 8.216560000000000530e-01
6.509999999999999787e+00 8.342030000000000278e-01
6.570000000000000284e+00 8.265820000000000389e-01
6.629999999999999893e+00 8.595110000000000250e-01
6.690000000000000391e+00 8.570130000000000248e-01
6.750000000000000000e+00 8.829540000000000166e-01
6.809999999999999609e+00 8.940240000000000409e-01
6.870000000000000107e+00 9.162209999999999521e-01
6.929999999999999716e+00 9.512950000000000017e-01
6.990000000000000213e+00 9.743070000000000341e-01
7.049999999999999822e+00 1.005100000000000104e+00
7.110000000000000320e+00 1.003109999999999946e+00
7.169999999999999929e+00 1.037279999999999980e+00
7.230000000000000426e+00 1.058890000000000109e+00
7.290000000000000036e+00 1.064519999999999911e+00
7.349999999999999645e+00 1.101390000000000091e+00
7.410000000000000142e+00 1.097800000000000109e+00
7.469999999999999751e+00 1.115359999999999907e+00
7.530000000000000249e+00 1.098999999999999977e+00
7.589999999999999858e+00 1.118800000000000017e+00
7.650000000000000355e+00 1.100800000000000001e+00
7.709999999999999964e+00 1.114729999999999999e+00
7.769999999999999574e+00 1.107099999999999973e+00
7.830000000000000071e+00 1.102819999999999911e+00
7.889999999999999680e+00 1.073600000000000110e+00
7.950000000000000178e+00 1.063499999999999890e+00
8.009999999999999787e+00 1.072929999999999939e+00
8.070000000000000284e+00 1.046410000000000062e+00
8.130000000000000782e+00 1.031400000000000095e+00
8.189999999999999503e+00 1.028410000000000046e+00
8.250000000000000000e+00 1.010070000000000023e+00
8.310000000000000497e+00 9.890489999999999560e-01
8.369999999999999218e+00 9.831299999999999484e-01
8.429999999999999716e+00 9.618799999999999573e-01
8.490000000000000213e+00 9.630199999999999871e-01
8.550000000000000711e+00 9.563749999999999751e-01
8.609999999999999432e+00 9.498889999999999834e-01
8.669999999999999929e+00 9.339429999999999676e-01
8.730000000000000426e+00 9.347739999999999938e-01
8.789999999999999147e+00 9.296980000000000244e-01
8.849999999999999645e+00 9.203829999999999512e-01
8.910000000000000142e+00 9.206600000000000339e-01
8.970000000000000639e+00 9.292599999999999749e-01
9.029999999999999361e+00 9.392979999999999663e-01
9.089999999999999858e+00 9.404289999999999594e-01
9.150000000000000355e+00 9.572559999999999958e-01
9.210000000000000853e+00 9.633059999999999956e-01
9.269999999999999574e+00 9.704810000000000381e-01
9.330000000000000071e+00 9.696169999999999511e-01
9.390000000000000568e+00 1.004310000000000036e+00
9.449999999999999289e+00 9.877230000000000176e-01
9.509999999999999787e+00 1.006420000000000092e+00
9.570000000000000284e+00 1.010180000000000078e+00
9.630000000000000782e+00 1.024690000000000101e+00
9.689999999999999503e+00 1.025749999999999940e+00
9.750000000000000000e+00 1.036559999999999926e+00
9.810000000000000497e+00 1.040529999999999955e+00
9.869999999999999218e+00 1.045420000000000016e+00
9.929999999999999716e+00 1.044799999999999951e+00
9.990000000000000213e+00 1.042440000000000033e+00
1.005000000000000071e+01 1.039299999999999891e+00
1.010999999999999943e+01 1.041039999999999965e+00
1.016999999999999993e+01 1.038249999999999895e+00
1.023000000000000043e+01 1.043900000000000050e+00
1.028999999999999915e+01 1.039889999999999981e+00
1.034999999999999964e+01 1.045350000000000001e+00
1.041000000000000014e+01 1.036859999999999893e+00
1.047000000000000064e+01 1.028720000000000079e+00
1.052999999999999936e+01 1.017260000000000053e+00
1.058999999999999986e+01 1.012029999999999985e+00
1.065000000000000036e+01 1.005460000000000020e+00
1.071000000000000085e+01 1.015439999999999898e+00
1.076999999999999957e+01 9.871299999999999519e-01
1.083000000000000007e+01 9.836869999999999781e-01
1.089000000000000057e+01 9.833070000000000421e-01
1.094999999999999929e+01 9.657259999999999733e-01
1.100999999999999979e+01 9.849139999999999562e-01
1.107000000000000028e+01 9.747649999999999926e-01
1.113000000000000078e+01 9.631750000000000034e-01
1.118999999999999950e+01 9.666940000000000532e-01
1.125000000000000000e+01 9.718930000000000069e-01
1.131000000000000050e+01 9.632800000000000251e-01
1.136999999999999922e+01 9.685340000000000060e-01
1.142999999999999972e+01 9.684829999999999828e-01
1.149000000000000021e+01 9.696909999999999696e-01
1.155000000000000071e+01 9.807409999999999739e-01
1.160999999999999943e+01 9.957030000000000047e-01
1.166999999999999993e+01 9.919940000000000424e-01
1.173000000000000043e+01 9.967430000000000456e-01
1.178999999999999915e+01 9.859280000000000266e-01
1.184999999999999964e+01 9.845230000000000370e-01
1.191000000000000014e+01 1.004089999999999927e+00
1.197000000000000064e+01 1.007050000000000001e+00
