# Q (Ang^-1)     S(Q)
1.000000000000000056e-01 1.000000000000000000e+00
1.398797595190380827e-01 1.000000000000000000e+00
1.797595190380761321e-01 1.000000000000000000e+00
2.196392785571142092e-01 1.000000000000000000e+00
2.595190380761522864e-01 1.000000000000000000e+00
2.993987975951903913e-01 1.000000000000000000e+00
3.392785571142283851e-01 1.000000000000000000e+00
3.791583166332664900e-01 1.000000000000000000e+00
4.190380761523045949e-01 1.000000000000000000e+00
4.589178356713425888e-01 1.000000000000000000e+00
4.987975951903806937e-01 1.000000000000000000e+00
5.386773547094187986e-01 1.000000000000000000e+00
5.785571142284567925e-01 1.000000000000000000e+00
6.184368737474948974e-01 1.000000000000000000e+00
6.583166332665330023e-01 1.000000000000000000e+00
6.981963927855709962e-01 1.000000000000000000e+00
7.380761523046091011e-01 1.000000000000000000e+00
7.779559118236472059e-01 1.000000000000000000e+00
8.178356713426851998e-01 1.000000000000000000e+00
8.577154308617233047e-01 1.000000000000000000e+00
8.975951903807614096e-01 1.000000000000000000e+00
9.374749498997994035e-01 1.000000000000000000e+00
9.773547094188375084e-01 1.000000000000000000e+00
1.017234468937875613e+00 1.000000000000000000e+00
1.057114228456913718e+00 1.000000000000000000e+00
1.096993987975951823e+00 1.000000000000000000e+00
1.136873747494989928e+00 1.000000000000000000e+00
1.176753507014028033e+00 1.000000000000000000e+00
1.216633266533066138e+00 1.000000000000000000e+00
1.256513026052104021e+00 1.000000000000000000e+00
1.296392785571142126e+00 1.000000000000000000e+00
1.336272545090180230e+00 1.000000000000000000e+00
1.376152304609218335e+00 1.000000000000000000e+00
1.416032064128256440e+00 1.000000000000000000e+00
1.455911823647294545e+00 1.000000000000000000e+00
1.495791583166332650e+00 1.000000000000000000e+00
1.535671342685370533e+00 1.000000000000000000e+00
1.575551102204408638e+00 1.000000000000000000e+00
1.615430861723446743e+00 1.000000000000000000e+00
1.655310621242484848e+00 1.000000000000000000e+00
1.695190380761522952e+00 1.000000000000000000e+00
1.735070140280561057e+00 1.000000000000000000e+00
1.774949899799598940e+00 1.000000000000000000e+00
1.814829659318637045e+00 1.000000000000000000e+00
1.854709418837675150e+00 1.000000000000000000e+00
1.894589178356713255e+00 1.000000000000000000e+00
1.934468937875751360e+00 1.000000000000000000e+00
1.974348697394789465e+00 1.000000000000000000e+00
2.014228456913827348e+00 1.000000000000000000e+00
2.054108216432865230e+00 1.000000000000000000e+00
2.093987975951903557e+00 1.000000000000000000e+00
2.133867735470941884e+00 1.000000000000000000e+00
2.173747494989979767e+00 1.000000000000000000e+00
2.213627254509017650e+00 1.000000000000000000e+00
2.253507014028055977e+00 1.000000000000000000e+00
2.293386773547093860e+00 1.000000000000000000e+00
2.333266533066132187e+00 1.000000000000000000e+00
2.373146292585170070e+00 1.000000000000000000e+00
2.413026052104207952e+00 1.000000000000000000e+00
2.452905811623246279e+00 1.000000000000000000e+00
2.492785571142284162e+00 1.000000000000000000e+00
2.532665330661322489e+00 1.000000000000000000e+00
2.572545090180360372e+00 1.000000000000000000e+00
2.612424849699398699e+00 1.000000000000000000e+00
2.652304609218436582e+00 1.000000000000000000e+00
2.692184368737474465e+00 1.000000000000000000e+00
2.732064128256512792e+00 1.000000000000000000e+00
2.771943887775550674e+00 1.000000000000000000e+00
2.811823647294589001e+00 1.000000000000000000e+00
2.851703406813626884e+00 1.000000000000000000e+00
2.891583166332665211e+00 1.000000000000000000e+00
2.931462925851703094e+00 1.000000000000000000e+00
2.971342685370740977e+00 1.000000000000000000e+00
3.011222444889779304e+00 1.000000000000000000e+00
3.051102204408817187e+00 1.000000000000000000e+00
3.090981963927855514e+00 1.000000000000000000e+00
3.130861723446893397e+00 1.000000000000000000e+00
3.170741482965931279e+00 1.000000000000000000e+00
3.210621242484969606e+00 1.000000000000000000e+00
3.250501002004007489e+00 1.000000000000000000e+00
3.290380761523045816e+00 1.000000000000000000e+00
3.330260521042083699e+00 1.000000000000000000e+00
3.370140280561122026e+00 1.000000000000000000e+00
3.410020040080159909e+00 1.000000000000000000e+00
3.449899799599197792e+00 1.000000000000000000e+00
3.489779559118236119e+00 1.000000000000000000e+00
3.529659318637274001e+00 1.000000000000000000e+00
3.569539078156312328e+00 1.000000000000000000e+00
3.609418837675350211e+00 1.000000000000000000e+00
3.649298597194388538e+00 1.000000000000000000e+00
3.689178356713426421e+00 1.000000000000000000e+00
3.729058116232464304e+00 1.000000000000000000e+00
3.768937875751502631e+00 1.000000000000000000e+00
3.808817635270540514e+00 1.000000000000000000e+00
3.848697394789578841e+00 1.000000000000000000e+00
3.888577154308616723e+00 1.000000000000000000e+00
3.928456913827654606e+00 1.000000000000000000e+00
3.968336673346692933e+00 1.000000000000000000e+00
4.008216432865730816e+00 1.000000000000000000e+00
4.048096192384768699e+00 1.000000000000000000e+00
4.087975951903806582e+00 1.000000000000000000e+00
4.127855711422844465e+00 1.000000000000000000e+00
4.167735470941883236e+00 1.000000000000000000e+00
4.207615230460921119e+00 1.000000000000000000e+00
4.247494989979959001e+00 1.000000000000000000e+00
4.287374749498996884e+00 1.000000000000000000e+00
4.327254509018034767e+00 1.000000000000000000e+00
4.367134268537073538e+00 1.000000000000000000e+00
4.407014028056111421e+00 1.000000000000000000e+00
4.446893787575149304e+00 1.000000000000000000e+00
4.486773547094187187e+00 1.000000000000000000e+00
4.526653306613225070e+00 1.000000000000000000e+00
4.566533066132263841e+00 1.000000000000000000e+00
4.606412825651301723e+00 1.000000000000000000e+00
4.646292585170339606e+00 1.000000000000000000e+00
4.686172344689377489e+00 1.000000000000000000e+00
4.726052104208415372e+00 1.000000000000000000e+00
4.765931863727454143e+00 1.000000000000000000e+00
4.805811623246492026e+00 1.000000000000000000e+00
4.845691382765529909e+00 1.000000000000000000e+00
4.885571142284567792e+00 1.000000000000000000e+00
4.925450901803606563e+00 1.000000000000000000e+00
4.965330661322644445e+00 1.000000000000000000e+00
5.005210420841682328e+00 1.000000000000000000e+00
5.045090180360720211e+00 1.000000000000000000e+00
5.084969939879758094e+00 1.000000000000000000e+00
5.124849699398796865e+00 1.000000000000000000e+00
5.164729458917834748e+00 1.000000000000000000e+00
5.204609218436872631e+00 1.000000000000000000e+00
5.244488977955910514e+00 1.000000000000000000e+00
5.284368737474948396e+00 1.000000000000000000e+00
5.324248496993987168e+00 1.000000000000000000e+00
5.364128256513025050e+00 1.000000000000000000e+00
5.404008016032062933e+00 1.000000000000000000e+00
5.443887775551100816e+00 1.000000000000000000e+00
5.483767535070138699e+00 1.000000000000000000e+00
5.523647294589177470e+00 1.000000000000000000e+00
5.563527054108215353e+00 1.000000000000000000e+00
5.603406813627253236e+00 1.000000000000000000e+00
5.643286573146291119e+00 1.000000000000000000e+00
5.683166332665329890e+00 1.000000000000000000e+00
5.723046092184367772e+00 1.000000000000000000e+00
5.762925851703405655e+00 1.000000000000000000e+00
5.802805611222443538e+00 1.000000000000000000e+00
5.842685370741481421e+00 1.000000000000000000e+00
5.882565130260520192e+00 1.000000000000000000e+00
5.922444889779558075e+00 1.000000000000000000e+00
5.962324649298595958e+00 1.000000000000000000e+00
6.002204408817633841e+00 1.000000000000000000e+00
6.042084168336671723e+00 1.000000000000000000e+00
6.081963927855710494e+00 1.000000000000000000e+00
6.121843687374748377e+00 1.000000000000000000e+00
6.161723446893786260e+00 1.000000000000000000e+00
6.201603206412824143e+00 1.000000000000000000e+00
6.241482965931862026e+00 1.000000000000000000e+00
6.281362725450900797e+00 1.000000000000000000e+00
6.321242484969938680e+00 1.000000000000000000e+00
6.361122244488976563e+00 1.000000000000000000e+00
6.401002004008014445e+00 1.000000000000000000e+00
6.440881763527053216e+00 1.000000000000000000e+00
6.480761523046091099e+00 1.000000000000000000e+00
6.520641282565128982e+00 1.000000000000000000e+00
6.560521042084166865e+00 1.000000000000000000e+00
6.600400801603204748e+00 1.000000000000000000e+00
6.640280561122243519e+00 1.000000000000000000e+00
6.680160320641281402e+00 1.000000000000000000e+00
6.720040080160319285e+00 1.000000000000000000e+00
6.759919839679357167e+00 1.000000000000000000e+00
6.799799599198395050e+00 1.000000000000000000e+00
6.839679358717433821e+00 1.000000000000000000e+00
6.879559118236471704e+00 1.000000000000000000e+00
6.919438877755509587e+00 1.000000000000000000e+00
6.959318637274547470e+00 1.000000000000000000e+00
6.999198396793585353e+00 1.000000000000000000e+00
7.039078156312624124e+00 1.000000000000000000e+00
7.078957915831662007e+00 1.000000000000000000e+00
7.118837675350699890e+00 1.000000000000000000e+00
7.158717434869737772e+00 1.000000000000000000e+00
7.198597194388776543e+00 1.000000000000000000e+00
7.238476953907814426e+00 1.000000000000000000e+00
7.278356713426852309e+00 1.000000000000000000e+00
7.318236472945890192e+00 1.000000000000000000e+00
7.358116232464928075e+00 1.000000000000000000e+00
7.397995991983966846e+00 1.000000000000000000e+00
7.437875751503004729e+00 1.000000000000000000e+00
7.477755511022042612e+00 1.000000000000000000e+00
7.517635270541080494e+00 1.000000000000000000e+00
7.557515030060118377e+00 1.000000000000000000e+00
7.597394789579157148e+00 1.000000000000000000e+00
7.637274549098195031e+00 1.000000000000000000e+00
7.677154308617232914e+00 1.000000000000000000e+00
7.717034068136270797e+00 1.000000000000000000e+00
7.756913827655308680e+00 1.000000000000000000e+00
7.796793587174347451e+00 1.000000000000000000e+00
7.836673346693385334e+00 1.000000000000000000e+00
7.876553106212423216e+00 1.000000000000000000e+00
7.916432865731461099e+00 1.000000000000000000e+00
7.956312625250499870e+00 1.000000000000000000e+00
7.996192384769537753e+00 1.000000000000000000e+00
8.036072144288576524e+00 1.000000000000000000e+00
8.075951903807613519e+00 1.000000000000000000e+00
8.115831663326652290e+00 1.000000000000000000e+00
8.155711422845689285e+00 1.000000000000000000e+00
8.195591182364728056e+00 1.000000000000000000e+00
8.235470941883766827e+00 1.000000000000000000e+00
8.275350701402803821e+00 1.000000000000000000e+00
8.315230460921842592e+00 1.000000000000000000e+00
8.355110220440879587e+00 1.000000000000000000e+00
8.394989979959918358e+00 1.000000000000000000e+00
8.434869739478957129e+00 1.000000000000000000e+00
8.474749498997994124e+00 1.000000000000000000e+00
8.514629258517032895e+00 1.000000000000000000e+00
8.554509018036069889e+00 1.000000000000000000e+00
8.594388777555108661e+00 1.000000000000000000e+00
8.634268537074147432e+00 1.000000000000000000e+00
8.674148296593184426e+00 1.000000000000000000e+00
8.714028056112223197e+00 1.000000000000000000e+00
8.753907815631260192e+00 1.000000000000000000e+00
8.793787575150298963e+00 1.000000000000000000e+00
8.833667334669337734e+00 1.000000000000000000e+00
8.873547094188374729e+00 1.000000000000000000e+00
8.913426853707413500e+00 1.000000000000000000e+00
8.953306613226450494e+00 1.000000000000000000e+00
8.993186372745489265e+00 1.000000000000000000e+00
9.033066132264528036e+00 1.000000000000000000e+00
9.072945891783565031e+00 1.000000000000000000e+00
9.112825651302603802e+00 1.000000000000000000e+00
9.152705410821640797e+00 1.000000000000000000e+00
9.192585170340679568e+00 1.000000000000000000e+00
9.232464929859718339e+00 1.000000000000000000e+00
9.272344689378755334e+00 1.000000000000000000e+00
9.312224448897794105e+00 1.000000000000000000e+00
9.352104208416831099e+00 1.000000000000000000e+00
9.391983967935869870e+00 1.000000000000000000e+00
9.431863727454908641e+00 1.000000000000000000e+00
9.471743486973945636e+00 1.000000000000000000e+00
9.511623246492984407e+00 1.000000000000000000e+00
9.551503006012021402e+00 1.000000000000000000e+00
9.591382765531060173e+00 1.000000000000000000e+00
9.631262525050098944e+00 1.000000000000000000e+00
9.671142284569135938e+00 1.000000000000000000e+00
9.711022044088174709e+00 1.000000000000000000e+00
9.750901803607213481e+00 1.000000000000000000e+00
9.790781563126250475e+00 1.000000000000000000e+00
9.830661322645289246e+00 1.000000000000000000e+00
9.870541082164326241e+00 1.000000000000000000e+00
9.910420841683365012e+00 1.000000000000000000e+00
9.950300601202403783e+00 1.000000000000000000e+00
9.990180360721440778e+00 1.000000000000000000e+00
1.003006012024047955e+01 1.000000000000000000e+00
1.006993987975951654e+01 1.000000000000000000e+00
1.010981963927855531e+01 1.000000000000000000e+00
1.014969939879759409e+01 1.000000000000000000e+00
1.018957915831663108e+01 1.000000000000000000e+00
1.022945891783566985e+01 1.000000000000000000e+00
1.026933867735470685e+01 1.000000000000000000e+00
1.030921843687374562e+01 1.000000000000000000e+00
1.034909819639278439e+01 1.000000000000000000e+00
1.038897795591182138e+01 1.000000000000000000e+00
1.042885771543086015e+01 1.000000000000000000e+00
1.046873747494989715e+01 1.000000000000000000e+00
1.050861723446893592e+01 1.000000000000000000e+00
1.054849699398797469e+01 1.000000000000000000e+00
1.058837675350701168e+01 1.000000000000000000e+00
1.062825651302605046e+01 1.000000000000000000e+00
1.066813627254508745e+01 1.000000000000000000e+00
1.070801603206412622e+01 1.000000000000000000e+00
1.074789579158316499e+01 1.000000000000000000e+00
1.078777555110220199e+01 1.000000000000000000e+00
1.082765531062124076e+01 1.000000000000000000e+00
1.086753507014027775e+01 1.000000000000000000e+00
1.090741482965931652e+01 1.000000000000000000e+00
1.094729458917835530e+01 1.000000000000000000e+00
1.098717434869739229e+01 1.000000000000000000e+00
1.102705410821643106e+01 1.000000000000000000e+00
1.106693386773546983e+01 1.000000000000000000e+00
1.110681362725450683e+01 1.000000000000000000e+00
1.114669338677354560e+01 1.000000000000000000e+00
1.118657314629258259e+01 1.000000000000000000e+00
1.122645290581162136e+01 1.000000000000000000e+00
1.126633266533066013e+01 1.000000000000000000e+00
1.130621242484969713e+01 1.000000000000000000e+00
1.134609218436873590e+01 1.000000000000000000e+00
1.138597194388777289e+01 1.000000000000000000e+00
1.142585170340681167e+01 1.000000000000000000e+00
1.146573146292585044e+01 1.000000000000000000e+00
1.150561122244488743e+01 1.000000000000000000e+00
1.154549098196392620e+01 1.000000000000000000e+00
1.158537074148296320e+01 1.000000000000000000e+00
1.162525050100200197e+01 1.000000000000000000e+00
1.166513026052104074e+01 1.000000000000000000e+00
1.170501002004007773e+01 1.000000000000000000e+00
1.174488977955911650e+01 1.000000000000000000e+00
1.178476953907815350e+01 1.000000000000000000e+00
1.182464929859719227e+01 1.000000000000000000e+00
1.186452905811623104e+01 1.000000000000000000e+00
1.190440881763526804e+01 1.000000000000000000e+00
1.194428857715430681e+01 1.000000000000000000e+00
1.198416833667334380e+01 1.000000000000000000e+00
1.202404809619238257e+01 1.000000000000000000e+00
1.206392785571142134e+01 1.000000000000000000e+00
1.210380761523045834e+01 1.000000000000000000e+00
1.214368737474949711e+01 1.000000000000000000e+00
1.218356713426853410e+01 1.000000000000000000e+00
1.222344689378757288e+01 1.000000000000000000e+00
1.226332665330661165e+01 1.000000000000000000e+00
1.230320641282564864e+01 1.000000000000000000e+00
1.234308617234468741e+01 1.000000000000000000e+00
1.238296593186372441e+01 1.000000000000000000e+00
1.242284569138276318e+01 1.000000000000000000e+00
1.246272545090180195e+01 1.000000000000000000e+00
1.250260521042083894e+01 1.000000000000000000e+00
1.254248496993987771e+01 1.000000000000000000e+00
1.258236472945891649e+01 1.000000000000000000e+00
1.262224448897795348e+01 1.000000000000000000e+00
1.266212424849699225e+01 1.000000000000000000e+00
1.270200400801602925e+01 1.000000000000000000e+00
1.274188376753506802e+01 1.000000000000000000e+00
1.278176352705410679e+01 1.000000000000000000e+00
1.282164328657314378e+01 1.000000000000000000e+00
1.286152304609218255e+01 1.000000000000000000e+00
1.290140280561121955e+01 1.000000000000000000e+00
1.294128256513025832e+01 1.000000000000000000e+00
1.298116232464929709e+01 1.000000000000000000e+00
1.302104208416833409e+01 1.000000000000000000e+00
1.306092184368737286e+01 1.000000000000000000e+00
1.310080160320640985e+01 1.000000000000000000e+00
1.314068136272544862e+01 1.000000000000000000e+00
1.318056112224448739e+01 1.000000000000000000e+00
1.322044088176352439e+01 1.000000000000000000e+00
1.326032064128256316e+01 1.000000000000000000e+00
1.330020040080160015e+01 1.000000000000000000e+00
1.334008016032063892e+01 1.000000000000000000e+00
1.337995991983967770e+01 1.000000000000000000e+00
1.341983967935871469e+01 1.000000000000000000e+00
1.345971943887775346e+01 1.000000000000000000e+00
1.349959919839679046e+01 1.000000000000000000e+00
1.353947895791582923e+01 1.000000000000000000e+00
1.357935871743486800e+01 1.000000000000000000e+00
1.361923847695390499e+01 1.000000000000000000e+00
1.365911823647294376e+01 1.000000000000000000e+00
1.369899799599198076e+01 1.000000000000000000e+00
1.373887775551101953e+01 1.000000000000000000e+00
1.377875751503005830e+01 1.000000000000000000e+00
1.381863727454909530e+01 1.000000000000000000e+00
1.385851703406813407e+01 1.000000000000000000e+00
1.389839679358717106e+01 1.000000000000000000e+00
1.393827655310620983e+01 1.000000000000000000e+00
1.397815631262524860e+01 1.000000000000000000e+00
1.401803607214428560e+01 1.000000000000000000e+00
1.405791583166332437e+01 1.000000000000000000e+00
1.409779559118236314e+01 1.000000000000000000e+00
1.413767535070140013e+01 1.000000000000000000e+00
1.417755511022043891e+01 1.000000000000000000e+00
1.421743486973947590e+01 1.000000000000000000e+00
1.425731462925851467e+01 1.000000000000000000e+00
1.429719438877755344e+01 1.000000000000000000e+00
1.433707414829659044e+01 1.000000000000000000e+00
1.437695390781562921e+01 1.000000000000000000e+00
1.441683366733466620e+01 1.000000000000000000e+00
1.445671342685370497e+01 1.000000000000000000e+00
1.449659318637274374e+01 1.000000000000000000e+00
1.453647294589178074e+01 1.000000000000000000e+00
1.457635270541081951e+01 1.000000000000000000e+00
1.461623246492985650e+01 1.000000000000000000e+00
1.465611222444889528e+01 1.000000000000000000e+00
1.469599198396793405e+01 1.000000000000000000e+00
1.473587174348697104e+01 1.000000000000000000e+00
1.477575150300600981e+01 1.000000000000000000e+00
1.481563126252504681e+01 1.000000000000000000e+00
1.485551102204408558e+01 1.000000000000000000e+00
1.489539078156312435e+01 1.000000000000000000e+00
1.493527054108216134e+01 1.000000000000000000e+00
1.497515030060120012e+01 1.000000000000000000e+00
1.501503006012023711e+01 1.000000000000000000e+00
1.505490981963927588e+01 1.000000000000000000e+00
1.509478957915831465e+01 1.000000000000000000e+00
1.513466933867735165e+01 1.000000000000000000e+00
1.517454909819639042e+01 1.000000000000000000e+00
1.521442885771542741e+01 1.000000000000000000e+00
1.525430861723446618e+01 1.000000000000000000e+00
1.529418837675350495e+01 1.000000000000000000e+00
1.533406813627254195e+01 1.000000000000000000e+00
1.537394789579158072e+01 1.000000000000000000e+00
1.541382765531061771e+01 1.000000000000000000e+00
1.545370741482965649e+01 1.000000000000000000e+00
1.549358717434869526e+01 1.000000000000000000e+00
1.553346693386773225e+01 1.000000000000000000e+00
1.557334669338677102e+01 1.000000000000000000e+00
1.561322645290580979e+01 1.000000000000000000e+00
1.565310621242484679e+01 1.000000000000000000e+00
1.569298597194388556e+01 1.000000000000000000e+00
1.573286573146292255e+01 1.000000000000000000e+00
1.577274549098196132e+01 1.000000000000000000e+00
1.581262525050100010e+01 1.000000000000000000e+00
1.585250501002003709e+01 1.000000000000000000e+00
1.589238476953907586e+01 1.000000000000000000e+00
1.593226452905811286e+01 1.000000000000000000e+00
1.597214428857715163e+01 1.000000000000000000e+00
1.601202404809619040e+01 1.000000000000000000e+00
1.605190380761522917e+01 1.000000000000000000e+00
1.609178356713426794e+01 1.000000000000000000e+00
1.613166332665330671e+01 1.000000000000000000e+00
1.617154308617234548e+01 1.000000000000000000e+00
1.621142284569138070e+01 1.000000000000000000e+00
1.625130260521041947e+01 1.000000000000000000e+00
1.629118236472945824e+01 1.000000000000000000e+00
1.633106212424849701e+01 1.000000000000000000e+00
1.637094188376753578e+01 1.000000000000000000e+00
1.641082164328657100e+01 1.000000000000000000e+00
1.645070140280560977e+01 1.000000000000000000e+00
1.649058116232464855e+01 1.000000000000000000e+00
1.653046092184368732e+01 1.000000000000000000e+00
1.657034068136272609e+01 1.000000000000000000e+00
1.661022044088176131e+01 1.000000000000000000e+00
1.665010020040080008e+01 1.000000000000000000e+00
1.668997995991983885e+01 1.000000000000000000e+00
1.672985971943887762e+01 1.000000000000000000e+00
1.676973947895791639e+01 1.000000000000000000e+00
1.680961923847695161e+01 1.000000000000000000e+00
1.684949899799599038e+01 1.000000000000000000e+00
1.688937875751502915e+01 1.000000000000000000e+00
1.692925851703406792e+01 1.000000000000000000e+00
1.696913827655310669e+01 1.000000000000000000e+00
1.700901803607214191e+01 1.000000000000000000e+00
1.704889779559118068e+01 1.000000000000000000e+00
1.708877755511021945e+01 1.000000000000000000e+00
1.712865731462925822e+01 1.000000000000000000e+00
1.716853707414829699e+01 1.000000000000000000e+00
1.720841683366733221e+01 1.000000000000000000e+00
1.724829659318637098e+01 1.000000000000000000e+00
1.728817635270540976e+01 1.000000000000000000e+00
1.732805611222444853e+01 1.000000000000000000e+00
1.736793587174348730e+01 1.000000000000000000e+00
1.740781563126252252e+01 1.000000000000000000e+00
1.744769539078156129e+01 1.000000000000000000e+00
1.748757515030060006e+01 1.000000000000000000e+00
1.752745490981963883e+01 1.000000000000000000e+00
1.756733466933867760e+01 1.000000000000000000e+00
1.760721442885771282e+01 1.000000000000000000e+00
1.764709418837675159e+01 1.000000000000000000e+00
1.768697394789579036e+01 1.000000000000000000e+00
1.772685370741482913e+01 1.000000000000000000e+00
1.776673346693386790e+01 1.000000000000000000e+00
1.780661322645290312e+01 1.000000000000000000e+00
1.784649298597194189e+01 1.000000000000000000e+00
1.788637274549098066e+01 1.000000000000000000e+00
1.792625250501001943e+01 1.000000000000000000e+00
1.796613226452905820e+01 1.000000000000000000e+00
1.800601202404809342e+01 1.000000000000000000e+00
1.804589178356713219e+01 1.000000000000000000e+00
1.808577154308617096e+01 1.000000000000000000e+00
1.812565130260520974e+01 1.000000000000000000e+00
1.816553106212424851e+01 1.000000000000000000e+00
1.820541082164328373e+01 1.000000000000000000e+00
1.824529058116232250e+01 1.000000000000000000e+00
1.828517034068136127e+01 1.000000000000000000e+00
1.832505010020040004e+01 1.000000000000000000e+00
1.836492985971943881e+01 1.000000000000000000e+00
1.840480961923847403e+01 1.000000000000000000e+00
1.844468937875751280e+01 1.000000000000000000e+00
1.848456913827655157e+01 1.000000000000000000e+00
1.852444889779559034e+01 1.000000000000000000e+00
1.856432865731462911e+01 1.000000000000000000e+00
1.860420841683366433e+01 1.000000000000000000e+00
1.864408817635270310e+01 1.000000000000000000e+00
1.868396793587174187e+01 1.000000000000000000e+00
1.872384769539078064e+01 1.000000000000000000e+00
1.876372745490981941e+01 1.000000000000000000e+00
1.880360721442885463e+01 1.000000000000000000e+00
1.884348697394789340e+01 1.000000000000000000e+00
1.888336673346693217e+01 1.000000000000000000e+00
1.892324649298597095e+01 1.000000000000000000e+00
1.896312625250500972e+01 1.000000000000000000e+00
1.900300601202404494e+01 1.000000000000000000e+00
1.904288577154308371e+01 1.000000000000000000e+00
1.908276553106212248e+01 1.000000000000000000e+00
1.912264529058116125e+01 1.000000000000000000e+00
1.916252505010020002e+01 1.000000000000000000e+00
1.920240480961923879e+01 1.000000000000000000e+00
1.924228456913827401e+01 1.000000000000000000e+00
1.928216432865731278e+01 1.000000000000000000e+00
1.932204408817635155e+01 1.000000000000000000e+00
1.936192384769539032e+01 1.000000000000000000e+00
1.940180360721442909e+01 1.000000000000000000e+00
1.944168336673346431e+01 1.000000000000000000e+00
1.948156312625250308e+01 1.000000000000000000e+00
1.952144288577154185e+01 1.000000000000000000e+00
1.956132264529058062e+01 1.000000000000000000e+00
1.960120240480961940e+01 1.000000000000000000e+00
1.964108216432865461e+01 1.000000000000000000e+00
1.968096192384769338e+01 1.000000000000000000e+00
1.972084168336673216e+01 1.000000000000000000e+00
1.976072144288577093e+01 1.000000000000000000e+00
1.980060120240480970e+01 1.000000000000000000e+00
1.984048096192384492e+01 1.000000000000000000e+00
1.988036072144288369e+01 1.000000000000000000e+00
1.992024048096192246e+01 1.000000000000000000e+00
1.996012024048096123e+01 1.000000000000000000e+00
2.000000000000000000e+01 1.000000000000000000e+00
