# Q(A^-1)  S(Q)
0.100000 0.121317
0.129860 0.115828
0.159719 0.109180
0.189579 0.101552
0.219439 0.093162
0.249299 0.084254
0.279158 0.075093
0.309018 0.065958
0.338878 0.057128
0.368737 0.048868
0.398597 0.041417
0.428457 0.034973
0.458317 0.029680
0.488176 0.025622
0.518036 0.022815
0.547896 0.021207
0.577756 0.020681
0.607615 0.021070
0.637475 0.022165
0.667335 0.023735
0.697194 0.025547
0.727054 0.027383
0.756914 0.029060
0.786774 0.030444
0.816633 0.031457
0.846493 0.032084
0.876353 0.032369
0.906212 0.032404
0.936072 0.032323
0.965932 0.032274
0.995792 0.032410
1.025651 0.032867
1.055511 0.033745
1.085371 0.035101
1.115230 0.036939
1.145090 0.039212
1.174950 0.041831
1.204810 0.044670
1.234669 0.047595
1.264529 0.050471
1.294389 0.053193
1.324248 0.055695
1.354108 0.057969
1.383968 0.060068
1.413828 0.062111
1.443687 0.064267
1.473547 0.066747
1.503407 0.069780
1.533267 0.073590
1.563126 0.078370
1.592986 0.084265
1.622846 0.091353
1.652705 0.099638
1.682565 0.109061
1.712425 0.119507
1.742285 0.130841
1.772144 0.142938
1.802004 0.155733
1.831864 0.169261
1.861723 0.183710
1.891583 0.199449
1.921443 0.217059
1.951303 0.237340
1.981162 0.261300
2.011022 0.290121
2.040882 0.325102
2.070741 0.367589
2.100601 0.418880
2.130461 0.480123
2.160321 0.552213
2.190180 0.635689
2.220040 0.730643
2.249900 0.836652
2.279760 0.952734
2.309619 1.077335
2.339479 1.208348
2.369339 1.343175
2.399198 1.478815
2.429058 1.611981
2.458918 1.739244
2.488778 1.857189
2.518637 1.962573
2.548497 2.052482
2.578357 2.124472
2.608216 2.176688
2.638076 2.207944
2.667936 2.217783
2.697796 2.206479
2.727655 2.175017
2.757515 2.125028
2.787375 2.058691
2.817234 1.978618
2.847094 1.887711
2.876954 1.789023
2.906814 1.685611
2.936673 1.580401
2.966533 1.476072
2.996393 1.374961
3.026253 1.278997
3.056112 1.189656
3.085972 1.107958
3.115832 1.034479
3.145691 0.969391
3.175551 0.912520
3.205411 0.863411
3.235271 0.821410
3.265130 0.785736
3.294990 0.755554
3.324850 0.730036
3.354709 0.708413
3.384569 0.690010
3.414429 0.674272
3.444289 0.660769
3.474148 0.649194
3.504008 0.639350
3.533868 0.631131
3.563727 0.624501
3.593587 0.619464
3.623447 0.616047
3.653307 0.614280
3.683166 0.614181
3.713026 0.615745
3.742886 0.618947
3.772745 0.623737
3.802605 0.630047
3.832465 0.637800
3.862325 0.646914
3.892184 0.657317
3.922044 0.668944
3.951904 0.681749
3.981764 0.695701
4.011623 0.710785
4.041483 0.726998
4.071343 0.744342
4.101202 0.762814
4.131062 0.782404
4.160922 0.803083
4.190782 0.824799
4.220641 0.847472
4.250501 0.870990
4.280361 0.895213
4.310220 0.919974
4.340080 0.945081
4.369940 0.970326
4.399800 0.995489
4.429659 1.020349
4.459519 1.044686
4.489379 1.068291
4.519238 1.090969
4.549098 1.112544
4.578958 1.132862
4.608818 1.151788
4.638677 1.169213
4.668537 1.185047
4.698397 1.199219
4.728257 1.211677
4.758116 1.222385
4.787976 1.231318
4.817836 1.238467
4.847695 1.243831
4.877555 1.247422
4.907415 1.249260
4.937275 1.249374
4.967134 1.247804
4.996994 1.244601
5.026854 1.239821
5.056713 1.233534
5.086573 1.225815
5.116433 1.216750
5.146293 1.206430
5.176152 1.194954
5.206012 1.182427
5.235872 1.168956
5.265731 1.154656
5.295591 1.139644
5.325451 1.124037
5.355311 1.107960
5.385170 1.091535
5.415030 1.074887
5.444890 1.058142
5.474749 1.041425
5.504609 1.024860
5.534469 1.008569
5.564329 0.992669
5.594188 0.977271
5.624048 0.962479
5.653908 0.948389
5.683768 0.935084
5.713627 0.922637
5.743487 0.911108
5.773347 0.900543
5.803206 0.890975
5.833066 0.882427
5.862926 0.874908
5.892786 0.868417
5.922645 0.862947
5.952505 0.858481
5.982365 0.855002
6.012224 0.852485
6.042084 0.850905
6.071944 0.850237
6.101804 0.850455
6.131663 0.851534
6.161523 0.853447
6.191383 0.856169
6.221242 0.859672
6.251102 0.863928
6.280962 0.868904
6.310822 0.874567
6.340681 0.880877
6.370541 0.887793
6.400401 0.895266
6.430261 0.903247
6.460120 0.911681
6.489980 0.920508
6.519840 0.929670
6.549699 0.939103
6.579559 0.948744
6.609419 0.958527
6.639279 0.968390
6.669138 0.978267
6.698998 0.988096
6.728858 0.997813
6.758717 1.007358
6.788577 1.016670
6.818437 1.025692
6.848297 1.034367
6.878156 1.042640
6.908016 1.050461
6.937876 1.057781
6.967735 1.064557
6.997595 1.070748
7.027455 1.076319
7.057315 1.081244
7.087174 1.085497
7.117034 1.089065
7.146894 1.091938
7.176754 1.094113
7.206613 1.095595
7.236473 1.096394
7.266333 1.096526
7.296192 1.096013
7.326052 1.094881
7.355912 1.093158
7.385772 1.090878
7.415631 1.088076
7.445491 1.084789
7.475351 1.081056
7.505210 1.076916
7.535070 1.072410
7.564930 1.067579
7.594790 1.062464
7.624649 1.057108
7.654509 1.051551
7.684369 1.045834
7.714228 1.039998
7.744088 1.034083
7.773948 1.028127
7.803808 1.022166
7.833667 1.016237
7.863527 1.010373
7.893387 1.004604
7.923246 0.998960
7.953106 0.993467
7.982966 0.988151
8.012826 0.983034
8.042685 0.978137
8.072545 0.973478
8.102405 0.969076
8.132265 0.964946
8.162124 0.961104
8.191984 0.957563
8.221844 0.954336
8.251703 0.951434
8.281563 0.948868
8.311423 0.946646
8.341283 0.944775
8.371142 0.943260
8.401002 0.942106
8.430862 0.941312
8.460721 0.940877
8.490581 0.940798
8.520441 0.941070
8.550301 0.941684
8.580160 0.942631
8.610020 0.943900
8.639880 0.945478
8.669739 0.947351
8.699599 0.949504
8.729459 0.951919
8.759319 0.954580
8.789178 0.957469
8.819038 0.960566
8.848898 0.963850
8.878758 0.967302
8.908617 0.970898
8.938477 0.974615
8.968337 0.978430
8.998196 0.982317
9.028056 0.986250
9.057916 0.990204
9.087776 0.994150
9.117635 0.998064
9.147495 1.001918
9.177355 1.005687
9.207214 1.009347
9.237074 1.012875
9.266934 1.016249
9.296794 1.019449
9.326653 1.022457
9.356513 1.025259
9.386373 1.027840
9.416232 1.030189
9.446092 1.032295
9.475952 1.034153
9.505812 1.035754
9.535671 1.037096
9.565531 1.038176
9.595391 1.038992
9.625251 1.039546
9.655110 1.039838
9.684970 1.039874
9.714830 1.039657
9.744689 1.039195
9.774549 1.038496
9.804409 1.037569
9.834269 1.036426
9.864128 1.035080
9.893988 1.033543
9.923848 1.031833
9.953707 1.029963
9.983567 1.027952
10.013427 1.025818
10.043287 1.023577
10.073146 1.021250
10.103006 1.018852
10.132866 1.016404
10.162725 1.013922
10.192585 1.011424
10.222445 1.008926
10.252305 1.006442
10.282164 1.003988
10.312024 1.001577
10.341884 0.999220
10.371743 0.996929
10.401603 0.994715
10.431463 0.992585
10.461323 0.990547
10.491182 0.988609
10.521042 0.986776
10.550902 0.985055
10.580762 0.983450
10.610621 0.981966
10.640481 0.980607
10.670341 0.979377
10.700200 0.978282
10.730060 0.977323
10.759920 0.976505
10.789780 0.975832
10.819639 0.975306
10.849499 0.974930
10.879359 0.974705
10.909218 0.974632
10.939078 0.974711
10.968938 0.974941
10.998798 0.975319
11.028657 0.975841
11.058517 0.976502
11.088377 0.977296
11.118236 0.978215
11.148096 0.979250
11.177956 0.980393
11.207816 0.981632
11.237675 0.982958
11.267535 0.984360
11.297395 0.985827
11.327255 0.987348
11.357114 0.988913
11.386974 0.990512
11.416834 0.992135
11.446693 0.993772
11.476553 0.995412
11.506413 0.997049
11.536273 0.998671
11.566132 1.000270
11.595992 1.001838
11.625852 1.003365
11.655711 1.004843
11.685571 1.006264
11.715431 1.007620
11.745291 1.008903
11.775150 1.010106
11.805010 1.011223
11.834870 1.012248
11.864729 1.013177
11.894589 1.014005
11.924449 1.014729
11.954309 1.015348
11.984168 1.015861
12.014028 1.016266
12.043888 1.016565
12.073747 1.016760
12.103607 1.016852
12.133467 1.016844
12.163327 1.016738
12.193186 1.016540
12.223046 1.016251
12.252906 1.015877
12.282766 1.015422
12.312625 1.014890
12.342485 1.014286
12.372345 1.013614
12.402204 1.012881
12.432064 1.012090
12.461924 1.011247
12.491784 1.010356
12.521643 1.009424
12.551503 1.008454
12.581363 1.007452
12.611222 1.006424
12.641082 1.005375
12.670942 1.004309
12.700802 1.003234
12.730661 1.002155
12.760521 1.001077
12.790381 1.000008
12.820240 0.998953
12.850100 0.997921
12.879960 0.996917
12.909820 0.995948
12.939679 0.995023
12.969539 0.994146
12.999399 0.993325
13.029259 0.992565
13.059118 0.991871
13.088978 0.991247
13.118838 0.990697
13.148697 0.990220
13.178557 0.989820
13.208417 0.989495
13.238277 0.989244
13.268136 0.989066
13.297996 0.988956
13.327856 0.988913
13.357715 0.988932
13.387575 0.989010
13.417435 0.989143
13.447295 0.989328
13.477154 0.989562
13.507014 0.989843
13.536874 0.990167
13.566733 0.990534
13.596593 0.990942
13.626453 0.991388
13.656313 0.991873
13.686172 0.992393
13.716032 0.992948
13.745892 0.993535
13.775752 0.994152
13.805611 0.994795
13.835471 0.995461
13.865331 0.996145
13.895190 0.996843
13.925050 0.997551
13.954910 0.998263
13.984770 0.998975
14.014629 0.999680
14.044489 1.000376
14.074349 1.001056
14.104208 1.001716
14.134068 1.002354
14.163928 1.002965
14.193788 1.003547
14.223647 1.004097
14.253507 1.004611
14.283367 1.005089
14.313226 1.005529
14.343086 1.005927
14.372946 1.006284
14.402806 1.006598
14.432665 1.006867
14.462525 1.007091
14.492385 1.007268
14.522244 1.007398
14.552104 1.007481
14.581964 1.007517
14.611824 1.007506
14.641683 1.007450
14.671543 1.007349
14.701403 1.007205
14.731263 1.007020
14.761122 1.006797
14.790982 1.006538
14.820842 1.006245
14.850701 1.005923
14.880561 1.005573
14.910421 1.005199
14.940281 1.004805
14.970140 1.004393
15.000000 1.003967
